feature_name	t.val	p.val	adj.p.val
Mean_plasm_Texture_Correlation_Hematoxylin_3_00_256	-8.48364627718835	7.64309967287788e-12	2.62478142990113e-09
Median_plasm_Texture_Correlation_Hematoxylin_3_00_256	-8.54992246185467	8.41276099327284e-12	2.62478142990113e-09
Mean_plasm_Intensity_MaxIntensity_Hematoxylin	8.16982417959427	2.67877512289777e-11	5.57185225562736e-09
Median_plasm_Intensity_MaxIntensity_Hematoxylin	7.76472758997268	1.15030792669541e-10	1.79448036564485e-08
Median_nuclei_AreaShape_Area	-7.85164255736243	3.04838394723131e-10	3.80438316614467e-08
Mean_nuclei_AreaShape_Area	-7.6244530909927	1.05686668078253e-09	1.03843073763123e-07
Mean_nuclei_Texture_Correlation_Hematoxylin_3_00_256	-7.67164295438449	1.16490627618888e-09	1.03843073763123e-07
Mean_plasm_Texture_DifferenceVariance_Hematoxylin_3_00_256	-6.80701945288554	2.74376430164156e-09	2.14013615528042e-07
bladder_glcm_Correlation	-6.95552196120968	4.92057082007465e-09	3.41159576858509e-07
Median_nuclei_Intensity_MassDisplacement_Hematoxylin	-6.73603721561522	6.33744382233186e-09	3.95456494513508e-07
StDev_plasm_Texture_InverseDifferenceMoment_Hematoxylin_3_00_256	-6.98476247313814	8.2341542698403e-09	4.67101114943668e-07
Mean_nuclei_Intensity_MaxIntensity_Hematoxylin	6.8178868275112	1.2562719184855e-08	6.03010520873038e-07
Median_nuclei_Texture_Correlation_Hematoxylin_3_00_256	-7.15540202090312	1.2363258529664e-08	6.03010520873038e-07
bladder_glcm_Imc2	-6.62740882003137	2.69959883065256e-08	1.20324976451943e-06
StDev_plasm_Texture_SumVariance_Hematoxylin_3_00_256	-6.57299400924725	3.12823121570619e-08	1.30134418573378e-06
bladder_firstorder_RootMeanSquared	-5.78508284453111	1.04024790704039e-07	3.97250993253052e-06
Median_nuclei_Intensity_IntegratedIntensity_Hematoxylin	-6.51754680471039	1.08225430854197e-07	3.97250993253052e-06
StDev_nuclei_Texture_SumVariance_Hematoxylin_3_00_256	-6.32375120111754	1.17468452537677e-07	4.07223968797279e-06
Mean_plasm_Parent_nuclei	-6.5320448582974	1.59287437292141e-07	4.73586073804358e-06
Median_plasm_Parent_nuclei	-6.5320448582974	1.59287437292141e-07	4.73586073804358e-06
StDev_plasm_Parent_nuclei	-6.53189366422245	1.59379928684159e-07	4.73586073804358e-06
Median_nuclei_Texture_InverseDifferenceMoment_Hematoxylin_3_00_256	-5.98301768940106	1.73292644279711e-07	4.91520954684272e-06
Mean_nuclei_Intensity_IntegratedIntensity_Hematoxylin	-6.17897040809071	4.0673444620032e-07	1.05750956012083e-05
StDev_nuclei_AreaShape_Area	-6.19007252478055	4.0525252413087e-07	1.05750956012083e-05
StDev_plasm_Intensity_LowerQuartileIntensity_Hematoxylin	-5.93270537087037	4.96836476307657e-07	1.24010384486391e-05
bladder_firstorder_90Percentile	-5.77336467190156	6.38033087070775e-07	1.53127940896986e-05
bladder_glcm_Imc1	5.48979333686572	8.14423418582968e-07	1.88222301183619e-05
StDev_nuclei_RadialDistribution_RadialCV_Hematoxylin_4of4	-5.81321342240036	8.45704280221776e-07	1.88471239592281e-05
bladder_glszm_SizeZoneNonUniformityNormalized	-5.55759550331222	1.18228910507655e-06	2.54396000540609e-05
Median_nuclei_Intensity_MaxIntensity_Hematoxylin	5.38522921759919	2.59634412672723e-06	5.40039578359265e-05
Median_plasm_Texture_DifferenceVariance_Hematoxylin_3_00_256	-5.25559811563561	2.85464335276781e-06	5.56655453789723e-05
StDev_nuclei_Intensity_IntegratedIntensity_Hematoxylin	-5.65091171342615	2.78569147485499e-06	5.56655453789723e-05
Mean_plasm_Texture_AngularSecondMoment_Hematoxylin_3_00_256	-5.08415841064624	3.05634318707401e-06	5.7792671173763e-05
StDev_nuclei_Intensity_LowerQuartileIntensity_Hematoxylin	-5.42149072200815	4.12584293499964e-06	7.57213526894051e-05
bladder_firstorder_Mean	-5.17918555895989	4.45163852716294e-06	7.71617344708244e-05
StDev_nuclei_Texture_AngularSecondMoment_Hematoxylin_3_00_256	-4.82329691004593	4.338957806091e-06	7.71617344708244e-05
cancer_shape_MeshVolume	-4.73061147894837	6.01192239762289e-06	9.61907583619663e-05
cancer_shape_VoxelVolume	-4.73103111133382	6.00553626297454e-06	9.61907583619663e-05
cancer_firstorder_TotalEnergy	-4.74536924526813	5.90532991402186e-06	9.61907583619663e-05
bladder_glszm_SmallAreaEmphasis	-5.16106738043785	6.36441806112504e-06	9.87450642630561e-05
bladder_gldm_DependenceEntropy	-5.38087933085004	6.48805710702773e-06	9.87450642630561e-05
StDev_plasm_Texture_AngularSecondMoment_Hematoxylin_3_00_256	-4.45850135640358	1.98588866427779e-05	0.000295046315835557
StDev_plasm_Texture_SumAverage_Hematoxylin_3_00_256	-4.91833594317672	2.35671411045206e-05	0.00034199758254002
cancer_shape_Maximum2DDiameterRow	-4.7309934027336	2.65744467916075e-05	0.000368498995510291
Mean_plasm_Intensity_StdIntensityEdge_Hematoxylin	-4.7040257277041	2.64920341393429e-05	0.000368498995510291
cancer_shape_LeastAxisLength	-4.51912394769062	3.51644992189036e-05	0.00047701407636078
cancer_shape_SurfaceArea	-4.31825880243253	4.51303615037519e-05	0.00059917756549662
cancer_firstorder_Median	-4.51400008741864	4.77939326514913e-05	0.000621321124469386
bladder_firstorder_Median	-4.42674202316229	4.92078566297153e-05	0.000626646990549844
StDev_plasm_Texture_InfoMeas1_Hematoxylin_3_00_256	4.6901601781144	7.67953999607534e-05	0.000958406591510203
cancer_firstorder_Mean	-4.36490662858242	8.21633562009388e-05	0.00100529282881149
Mean_nuclei_Texture_DifferenceVariance_Hematoxylin_3_00_256	-4.30645493710699	9.5274772221384e-05	0.00114329726665661
bladder_firstorder_MeanAbsoluteDeviation	-4.32438151553555	0.000100446944917541	0.00118262063450086
Mean_plasm_Texture_SumAverage_Hematoxylin_3_00_256	4.29173864558589	0.000102806073301836	0.00118798129148788
StDev_plasm_Intensity_StdIntensityEdge_Hematoxylin	-4.34110322394312	0.000115098536064171	0.00130584520916441
StDev_nuclei_Texture_InverseDifferenceMoment_Hematoxylin_3_01_256	-4.25155356888821	0.000126466620799553	0.00140919948890931
Mean_plasm_Intensity_LowerQuartileIntensity_Hematoxylin	4.18306462765967	0.000140770630510107	0.00154106795505801
cancer_firstorder_RootMeanSquared	-4.17420354669474	0.000157123706623925	0.00166262890905116
StDev_nuclei_Intensity_StdIntensityEdge_Hematoxylin	-4.24217027899783	0.000157203694926311	0.00166262890905116
bladder_glcm_SumEntropy	-4.11496583440795	0.000270019671187847	0.00280820458035361
bladder_firstorder_TotalEnergy	-3.71147510846511	0.000309087422470933	0.00311081534873972
StDev_nuclei_Texture_SumAverage_Hematoxylin_3_00_256	-4.07480273476352	0.000307466664243377	0.00311081534873972
bladder_firstorder_RobustMeanAbsoluteDeviation	-3.95142976571424	0.000336044006758924	0.00332843587646934
bladder_glrlm_RunEntropy	-3.89019912027117	0.000422706762687747	0.00405798492180237
Mean_nuclei_Intensity_LowerQuartileIntensity_Hematoxylin	3.86804498393041	0.0004197630576516	0.00405798492180237
bladder_firstorder_InterquartileRange	-3.84650086566724	0.000453168456389037	0.00428450176949635
Median_plasm_AreaShape_MeanRadius	-3.84908340188361	0.000506683753554952	0.00471896510773567
StDev_nuclei_RadialDistribution_ZernikeMagnitude_Hematoxylin_0_0	-3.90112480930463	0.000514315706124731	0.00471960295032106
StDev_nuclei_AreaShape_FormFactor	3.92381742178035	0.000530262114470715	0.00479541390477864
bladder_glszm_GrayLevelNonUniformityNormalized	3.88445171260115	0.000586242568246618	0.00515232905050549
cancer_shape_SurfaceVolumeRatio	3.81775568323308	0.000580377549271412	0.00515232905050549
Median_plasm_Texture_SumAverage_Hematoxylin_3_00_256	3.71041985266587	0.000635624166898678	0.00550874277978854
Median_plasm_Texture_AngularSecondMoment_Hematoxylin_3_00_256	-3.68536085180858	0.000674973773829769	0.00576963883383254
cancer_firstorder_10Percentile	-3.56412442645069	0.000759557382635105	0.00640491630762575
bladder_firstorder_Variance	-3.44284993945966	0.000800881781402851	0.00659215411058702
bladder_gldm_GrayLevelVariance	-3.44211454059687	0.000802890564750983	0.00659215411058702
StDev_nuclei_RadialDistribution_ZernikePhase_Hematoxylin_4_0	3.61746289121372	0.000851952394592767	0.00690413369124528
bladder_firstorder_Entropy	-3.68688604266134	0.000880924480272733	0.00704739584218186
bladder_glcm_ClusterTendency	-3.38376422515398	0.00098854153333056	0.0078082267949148
StDev_nuclei_Texture_Correlation_Hematoxylin_3_00_256	3.48621452855946	0.00108928869181733	0.00839155732955576
StDev_plasm_AreaShape_Extent	3.66350423036043	0.00107935394495676	0.00839155732955576
bladder_glcm_SumSquares	-3.34350078301422	0.00111631109338606	0.00844943698502373
Mean_nuclei_AreaShape_Zernike_4_0	3.6757079004473	0.00112388344512335	0.00844943698502373
bladder_glrlm_GrayLevelNonUniformityNormalized	3.60217384204689	0.00118229288024644	0.00878274711040211
Texture_InfoMeas2_Hematoxylin_3_00_256	-3.50617839484079	0.00120856226220897	0.00887226884256939
cancer_firstorder_Energy	-3.27336152938785	0.00137791146052373	0.0099978692019396
bladder_firstorder_Skewness	-3.23324129035254	0.00156554550008286	0.0112287401385254
bladder_glrlm_GrayLevelVariance	-3.23040688651235	0.00162744888783909	0.0115400921137681
Median_nuclei_Texture_SumAverage_Hematoxylin_3_00_256	3.33044063856386	0.00206874557346761	0.0145044633465594
cancer_glrlm_RunLengthNonUniformity	-3.13573759431873	0.00216647190842128	0.0150208718983876
Median_plasm_AreaShape_Zernike_9_9	-3.35423132059187	0.00219492876143416	0.0150509400784057
cancer_glszm_LargeAreaEmphasis	-3.1305935170578	0.00225149852907658	0.015185969251683
cancer_glszm_ZoneVariance	-3.12885420438945	0.00226329349424122	0.015185969251683
bladder_firstorder_Uniformity	3.33601374596892	0.00242484076877057	0.016034528326198
Mean_nuclei_Texture_Entropy_Hematoxylin_3_00_256	-3.25925187140763	0.00246685051172277	0.016034528326198
Mean_plasm_AreaShape_Zernike_9_9	-3.34348344683588	0.00246044754399706	0.016034528326198
cancer_firstorder_90Percentile	-3.26768196092069	0.00255753719801753	0.0164408118071294
cancer_gldm_DependenceNonUniformity	-3.0799799050595	0.00258205057227353	0.0164408118071294
cancer_glszm_SizeZoneNonUniformity	-3.07077225432061	0.00263654567886832	0.0164789975030776
Mean_nuclei_RadialDistribution_MeanFrac_Hematoxylin_3of4	-3.24693637511573	0.00264086498446756	0.0164789975030776
cancer_glrlm_GrayLevelNonUniformity	-3.07314283353559	0.00284857291293096	0.0175084320395856
Median_plasm_Intensity_LowerQuartileIntensity_Hematoxylin	3.17930731812438	0.00286195523723995	0.0175084320395856
cancer_glcm_JointAverage	-3.03508503099583	0.00312171986119082	0.0189121669260492
Median_nuclei_RadialDistribution_MeanFrac_Hematoxylin_3of4	-3.16110298684819	0.00332869362040992	0.0199721617224595
cancer_shape_Maximum2DDiameterSlice	-3.14019440552007	0.00346526149947134	0.0203992752421709
Mean_plasm_AreaShape_Extent	-3.2032531373438	0.00345294025384523	0.0203992752421709
cancer_gldm_GrayLevelNonUniformity	-2.98088046396591	0.00382020661041783	0.0222785880831843
bladder_glcm_JointEntropy	-3.1207560384853	0.00397145974782144	0.0225290080240053
Median_nuclei_AreaShape_Zernike_4_0	3.17541138103117	0.00393719998473014	0.0225290080240053
Median_plasm_AreaShape_Zernike_1_1	-3.13642854280077	0.00390883191105024	0.0225290080240053
Median_plasm_AreaShape_Extent	-3.1305980948694	0.00413451848004184	0.0232426984823974
StDev_plasm_AreaShape_Zernike_4_4	-3.0915786283281	0.00432533186043331	0.0240982775081284
Mean_nuclei_Texture_AngularSecondMoment_Hematoxylin_3_00_256	-2.93668844798735	0.00451508591809801	0.0249328638309129
Texture_InfoMeas1_Hematoxylin_3_00_256	2.96661212299581	0.00478525373246045	0.0261929677987309
StDev_nuclei_AreaShape_Compactness	3.0788159825405	0.00488824550889359	0.0265240451960835
cancer_glszm_GrayLevelNonUniformity	-2.86008821785363	0.00511425121877923	0.0275111444872262
StDev_plasm_Texture_DifferenceVariance_Hematoxylin_3_00_256	-2.83789744671696	0.00543219502964207	0.0289717068247577
bladder_glszm_GrayLevelVariance	-2.8336739919662	0.00552372812161221	0.0292102232871697
StDev_nuclei_Texture_Contrast_Hematoxylin_3_00_256	2.98187682386215	0.00576732439872805	0.030242104410137
cancer_glszm_SmallAreaHighGrayLevelEmphasis	-2.80769318721127	0.00587726498260018	0.0305617779095209
bladder_shape_MinorAxisLength	2.89335490494346	0.00607276834033365	0.0313174168956049
Mean_plasm_AreaShape_Zernike_1_1	-2.95695754030313	0.00627747999995626	0.0321077665571533
StDev_nuclei_AreaShape_Zernike_6_4	-2.93365586426075	0.00649029516481171	0.0329263754702643
bladder_shape_Elongation	2.84234430513148	0.0065645152111418	0.0330343346109071
bladder_firstorder_Maximum	-2.76119884660082	0.00664083331953395	0.0331510399311135
bladder_glcm_Contrast	-2.7521673521146	0.00687410336267442	0.0332514767310763
cancer_glszm_HighGrayLevelZoneEmphasis	-2.75603500532964	0.00680087228158411	0.0332514767310763
Mean_nuclei_RadialDistribution_ZernikePhase_Hematoxylin_4_0	-2.93154393508384	0.0068246790958645	0.0332514767310763
Median_plasm_Intensity_MinIntensityEdge_Hematoxylin	2.90360394876449	0.00686382221336536	0.0332514767310763
Median_nuclei_RadialDistribution_ZernikeMagnitude_Hematoxylin_6_0	2.83110871045312	0.00710889045415404	0.0341226741799394
StDev_plasm_Texture_DifferenceEntropy_Hematoxylin_3_00_256	-2.86242698059366	0.00752891352215493	0.0358629163192723
cancer_shape_MajorAxisLength	-2.8312557083996	0.00798569074017196	0.0377505380444493
Median_nuclei_AreaShape_Zernike_2_0	-2.8426868706328	0.00809261646374352	0.0379683659652327
Median_nuclei_RadialDistribution_ZernikePhase_Hematoxylin_6_2	2.80961179134837	0.00816631217806084	0.038028199993358
StDev_nuclei_RadialDistribution_RadialCV_Hematoxylin_1of4	-2.76898396538324	0.00864659366373632	0.0399664773790479
cancer_shape_MinorAxisLength	-2.7887977670676	0.0089114208480741	0.0408876956558694
Mean_nuclei_AreaShape_Zernike_3_3	-2.78576576098777	0.00899046663962913	0.0409492787089677
Median_nuclei_RadialDistribution_FracAtD_Hematoxylin_1of4	-2.74799035488336	0.00946522569121197	0.0427992813863498
StDev_plasm_Texture_Contrast_Hematoxylin_3_00_256	2.76807918343109	0.00978196939851216	0.0439133014724575
bladder_glcm_DifferenceVariance	-2.61575098176269	0.0100807728542103	0.0449314447216232
cancer_gldm_SmallDependenceHighGrayLevelEmphasis	-2.59256555642144	0.0106644908184852	0.0468636779629211
StDev_nuclei_AreaShape_Zernike_4_0	2.7473598840713	0.0106387935508271	0.0468636779629211
StDev_nuclei_RadialDistribution_FracAtD_Hematoxylin_3of4	2.66760421183232	0.0121932247806561	0.0532067990428631
bladder_gldm_SmallDependenceEmphasis	-2.59947744440164	0.0127463329784815	0.05523410957342
cancer_firstorder_Range	-2.51481479803221	0.0132676445626272	0.0564285631249011
cancer_gldm_DependenceEntropy	-2.65715321011116	0.0132932672746161	0.0564285631249011
StDev_nuclei_Location_CenterMassIntensity_Y_Hematoxylin	-2.66390346268498	0.0131833550311961	0.0564285631249011
Mean_nuclei_RadialDistribution_FracAtD_Hematoxylin_1of4	-2.59392966937834	0.0135906460450509	0.0573011022439982
StDev_nuclei_AreaShape_BoundingBoxMaximum_Y	-2.64736723915805	0.0136982932070593	0.0573673487329193
cancer_glrlm_HighGrayLevelRunEmphasis	-2.49682761625438	0.0139227143199472	0.0575349254016362
StDev_nuclei_Texture_DifferenceVariance_Hematoxylin_3_00_256	-2.4989190900976	0.0138569253033335	0.0575349254016362
cancer_gldm_HighGrayLevelEmphasis	-2.48863849824276	0.0142301798769534	0.0582988163763244
Texture_SumEntropy_Hematoxylin_3_00_256	-2.60971161562474	0.0142944213230411	0.0582988163763244
cancer_glcm_Autocorrelation	-2.48386020355661	0.0144125877989677	0.0583990570555574
bladder_glcm_JointEnergy	2.62005388445119	0.0145228965495459	0.0584663706252688
bladder_glcm_ClusterProminence	-2.4643941711802	0.0153792640193178	0.0603563569060021
cancer_glrlm_ShortRunHighGrayLevelEmphasis	-2.46143159053934	0.0152683691817076	0.0603563569060021
StDev_nuclei_RadialDistribution_ZernikePhase_Hematoxylin_4_4	-2.6118363825108	0.0151219886376404	0.0603563569060021
StDev_plasm_AreaShape_Zernike_8_6	-2.57860828409401	0.0153263795216991	0.0603563569060021
cancer_shape_Maximum3DDiameter	-2.54177620510022	0.0160497505116471	0.0625940269954238
StDev_plasm_Location_CenterMassIntensity_Y_Hematoxylin	-2.54373752230651	0.0173788257177641	0.0673564425334459
cancer_glszm_SmallAreaLowGrayLevelEmphasis	2.55251566210886	0.0175911901468553	0.0677586583434425
Mean_nuclei_AreaShape_Zernike_5_3	-2.53349379739046	0.0181898280994934	0.0696346793502077
bladder_firstorder_Range	-2.38361419170377	0.0187395778791334	0.0705339399704322
bladder_glszm_ZoneEntropy	-2.47369738328124	0.0186060133861042	0.0705339399704322
cancer_glszm_ZoneEntropy	-2.49201412597709	0.0187638365946983	0.0705339399704322
Median_nuclei_AreaShape_Zernike_7_1	-2.48491261880575	0.0189289839099289	0.07072865844189
cancer_glrlm_RunEntropy	-2.4969426235827	0.0191740701235076	0.0712179747444567
cancer_gldm_LargeDependenceHighGrayLevelEmphasis	-2.36896362535246	0.0196095590690041	0.0724045257932458
cancer_glszm_LowGrayLevelZoneEmphasis	2.4604500340799	0.0217761871102226	0.0799314162163464
cancer_glrlm_ShortRunLowGrayLevelEmphasis	2.43862519628594	0.0227613938161882	0.0830591212941604
Texture_Variance_Hematoxylin_3_00_256	-2.39297716177268	0.0230585478429923	0.0836542665931815
cancer_firstorder_Maximum	-2.28600123838989	0.0240792316172581	0.0868468938295947
cancer_glrlm_LowGrayLevelRunEmphasis	2.4111015873803	0.0242169223178678	0.0868468938295947
cancer_gldm_LowGrayLevelEmphasis	2.40361563850822	0.0245990272797241	0.0877131029859876
StDev_plasm_AreaShape_BoundingBoxMaximum_X	-2.38115304192519	0.025218844719413	0.0894122676415551
Mean_nuclei_AreaShape_Compactness	2.35150785481692	0.0257898230433551	0.0909200541189467
StDev_plasm_AreaShape_Zernike_9_9	-2.34768242196069	0.0270527496203192	0.0948366054105571
Mean_plasm_AreaShape_Eccentricity	2.32594621779627	0.0273820651199478	0.0950544818506761
StDev_nuclei_RadialDistribution_ZernikeMagnitude_Hematoxylin_2_2	2.33441724347366	0.0274195620723104	0.0950544818506761
Mean_nuclei_AreaShape_Zernike_5_5	-2.31115725247466	0.0276643552261585	0.0953732467465355
StDev_nuclei_RadialDistribution_ZernikeMagnitude_Hematoxylin_1_1	2.33216490482724	0.027864352235525	0.0955349219503714
StDev_plasm_AreaShape_Zernike_6_6	-2.29071402203581	0.0297688087342944	0.101506757651365
Median_plasm_AreaShape_Compactness	2.31487972204134	0.0299957912860255	0.101724857404782
cancer_glrlm_LongRunHighGrayLevelEmphasis	-2.19223365252277	0.0303860275120845	0.101940221330864
StDev_nuclei_RadialDistribution_ZernikeMagnitude_Hematoxylin_8_0	2.27988785786906	0.0303248492714244	0.101940221330864
bladder_glszm_LargeAreaEmphasis	2.28373057693276	0.0309227356422851	0.102147157887792
bladder_glszm_ZoneVariance	2.2834930381326	0.0309388026294755	0.102147157887792
Texture_SumVariance_Hematoxylin_3_00_256	-2.26700375024337	0.0306280185755386	0.102147157887792
cancer_shape_Maximum2DDiameterColumn	-2.25501643274744	0.0311991460133483	0.102464563749102
cancer_gldm_SmallDependenceLowGrayLevelEmphasis	2.26737776703367	0.0325177844436989	0.105722061305495
Median_plasm_AreaShape_Zernike_4_4	-2.25745951785545	0.0325298650170755	0.105722061305495
bladder_gldm_SmallDependenceHighGrayLevelEmphasis	-2.15808924865842	0.0328746174259765	0.105755928110648
Mean_nuclei_RadialDistribution_ZernikePhase_Hematoxylin_1_1	2.25193297572847	0.032879246880554	0.105755928110648
StDev_plasm_AreaShape_BoundingBoxMaximum_Y	-2.24460628194172	0.0337965637650466	0.108149004048149
cancer_glcm_Idmn	-2.22926190956263	0.0340722304278582	0.108474856056038
Median_nuclei_RadialDistribution_ZernikePhase_Hematoxylin_7_1	2.22416520594413	0.0343607135440757	0.108837996200524
Mean_nuclei_AreaShape_Zernike_9_7	-2.21375437476932	0.0345612692018313	0.108920363545165
Mean_plasm_AreaShape_Zernike_5_3	-2.2172729977358	0.0355798359497138	0.111566922776992
bladder_gldm_GrayLevelNonUniformity	2.20071341264864	0.0368626179851699	0.11501136811373
cancer_gldm_GrayLevelVariance	-2.09779732793305	0.0381434020788689	0.116673935770658
Median_plasm_Intensity_IntegratedIntensityEdge_Hematoxylin	2.20089208535354	0.0381076158208863	0.116673935770658
StDev_nuclei_Texture_InfoMeas1_Hematoxylin_3_00_256	2.18894590274934	0.0378663801562104	0.116673935770658
StDev_plasm_AreaShape_Zernike_9_3	2.17752981166597	0.0380475329975194	0.116673935770658
StDev_nuclei_RadialDistribution_ZernikeMagnitude_Hematoxylin_4_0	2.18731624660634	0.0384283245340333	0.116972070776765
cancer_glszm_SizeZoneNonUniformityNormalized	-2.1562572791946	0.0392608145021196	0.118925962375353
bladder_glszm_GrayLevelNonUniformity	2.15897132378134	0.0397647872215428	0.119294361664628
cancer_firstorder_Variance	-2.08157253062145	0.0396214578300546	0.119294361664628
cancer_glrlm_GrayLevelVariance	-2.07324729946806	0.0402124453555956	0.119488409056627
Median_nuclei_AreaShape_Zernike_5_5	-2.14745020492546	0.0401396966223572	0.119488409056627
StDev_nuclei_AreaShape_Zernike_5_3	-2.14586679958077	0.0406002694287844	0.120069043239628
bladder_glszm_ZonePercentage	-2.09646124688386	0.0414931185252063	0.121557304975252
Mean_nuclei_AreaShape_Zernike_6_4	-2.13313262704148	0.0414845280084331	0.121557304975252
cancer_glszm_SmallAreaEmphasis	-2.12702137251681	0.0425162589089844	0.122824747959288
StDev_nuclei_RadialDistribution_ZernikePhase_Hematoxylin_9_7	-2.12641208134403	0.042203622196252	0.122824747959288
StDev_plasm_Location_CenterMassIntensity_X_Hematoxylin	-2.13865840039669	0.0425112983453282	0.122824747959288
bladder_firstorder_Kurtosis	-2.02743260523537	0.0447683926386181	0.128734917080635
bladder_glrlm_ShortRunEmphasis	-2.07696076266696	0.0464446354999992	0.13294244289908
cancer_firstorder_Minimum	2.00877512373755	0.0470074916692506	0.133939154345262
bladder_glcm_DifferenceAverage	-2.0439394662449	0.0488626178384428	0.136584670794386
bladder_glrlm_RunLengthNonUniformityNormalized	-2.05011803817669	0.0488764485355616	0.136584670794386
cancer_glcm_ClusterTendency	-1.99406960889998	0.0484021829270675	0.136584670794386
cancer_glszm_LargeAreaHighGrayLevelEmphasis	-1.99684511379819	0.0484708167733567	0.136584670794386
Median_nuclei_AreaShape_Zernike_6_0	2.05452589433257	0.0490303946441384	0.136584670794386
cancer_glszm_GrayLevelNonUniformityNormalized	2.04935515712816	0.0505403011334649	0.140165101810143
bladder_glcm_DifferenceEntropy	-2.02651375378821	0.0513166737153821	0.140546262114279
cancer_glcm_SumSquares	-1.96661099581752	0.051578676320785	0.140546262114279
cancer_glrlm_LongRunLowGrayLevelEmphasis	2.0582313483672	0.0512651699484826	0.140546262114279
Median_nuclei_AreaShape_Zernike_5_3	-2.0462440765606	0.0514475291709549	0.140546262114279
StDev_nuclei_RadialDistribution_ZernikeMagnitude_Hematoxylin_5_1	2.02523307120359	0.0524050242218236	0.142177109193121
bladder_glrlm_GrayLevelNonUniformity	2.02236507064133	0.0533619584733945	0.144146589122936
Median_nuclei_RadialDistribution_ZernikeMagnitude_Hematoxylin_8_0	2.00502808799124	0.0540424298419871	0.144731657602575
StDev_nuclei_Texture_Entropy_Hematoxylin_3_00_256	-2.01394553089995	0.0538614009059545	0.144731657602575
bladder_glcm_MaximumProbability	2.00150749651987	0.0552867919287733	0.147431445143395
Mean_plasm_Intensity_IntegratedIntensityEdge_Hematoxylin	1.98988760721914	0.0590252127751673	0.156730777751933
StDev_plasm_Intensity_IntegratedIntensityEdge_Hematoxylin	1.97179299771376	0.0612305443035887	0.161897710362031
StDev_nuclei_RadialDistribution_ZernikePhase_Hematoxylin_9_5	-1.95536805225859	0.0616500917289913	0.162319228856078
bladder_glrlm_RunPercentage	-1.93171460321536	0.0634658364029732	0.165256086406763
Mean_nuclei_RadialDistribution_ZernikePhase_Hematoxylin_8_8	1.93316352552869	0.0635600332333704	0.165256086406763
Median_plasm_AreaShape_Zernike_7_7	-1.93100596119455	0.0630621253339878	0.165256086406763
cancer_glrlm_GrayLevelNonUniformityNormalized	1.92947849828895	0.0642345994648695	0.166316971228542
StDev_plasm_AreaShape_Zernike_5_3	-1.89374666503544	0.0693794860690286	0.178895864905264
Mean_nuclei_AreaShape_Zernike_6_0	1.88083290551089	0.070144354377456	0.180123774203838
Median_nuclei_AreaShape_Zernike_6_4	-1.86966912368082	0.0706796021581123	0.180754392404353
StDev_nuclei_RadialDistribution_ZernikePhase_Hematoxylin_7_7	1.87763618364821	0.0709928974437764	0.180814563285373
cancer_gldm_LargeDependenceLowGrayLevelEmphasis	1.88548429185454	0.0717971905882096	0.182119702955458
Median_plasm_Intensity_UpperQuartileIntensity_Hematoxylin	1.85204501183257	0.0730287748102505	0.184493746889054
bladder_glszm_LargeAreaLowGrayLevelEmphasis	1.84560572242217	0.0750425393468537	0.185828174120872
bladder_glszm_SmallAreaHighGrayLevelEmphasis	-1.80126817536103	0.0748497065616481	0.185828174120872
cancer_glcm_Contrast	-1.79643617130679	0.0753437949560587	0.185828174120872
Mean_nuclei_RadialDistribution_ZernikeMagnitude_Hematoxylin_1_1	1.86068547842798	0.074157971083204	0.185828174120872
Median_nuclei_RadialDistribution_ZernikeMagnitude_Hematoxylin_4_2	1.85391610412007	0.0740417458395713	0.185828174120872
Median_nuclei_RadialDistribution_ZernikePhase_Hematoxylin_1_1	1.85073388965905	0.0751780999466357	0.185828174120872
Mean_nuclei_RadialDistribution_ZernikePhase_Hematoxylin_6_2	1.83273609279413	0.0758175761347731	0.186260502000388
cancer_glcm_Idn	-1.8237301810734	0.0772299191239756	0.188986155032787
bladder_glcm_Idm	1.81111070684557	0.0800326945112354	0.194124008781759
bladder_glcm_Id	1.81346649404133	0.0798445045375634	0.194124008781759
Mean_nuclei_AreaShape_Zernike_9_3	1.81409438896561	0.0802628113232273	0.194124008781759
Median_nuclei_AreaShape_Zernike_6_6	1.81405913712236	0.0811683856043639	0.195556264930977
Median_nuclei_AreaShape_Zernike_3_3	-1.79819580904053	0.0827358514936051	0.197805254145631
StDev_nuclei_AreaShape_MajorAxisLength	-1.80130385750868	0.0826187605322005	0.197805254145631
Median_plasm_AreaShape_Zernike_2_2	-1.79648509325934	0.0833159597474271	0.198431904131277
cancer_glcm_SumEntropy	-1.78701169389291	0.084972541598067	0.200844189231795
Mean_plasm_Texture_InfoMeas1_Hematoxylin_3_00_256	1.79362180756195	0.0847018512655089	0.200844189231795
cancer_glcm_Correlation	-1.76599666118952	0.0865902511805533	0.203458606368195
Median_plasm_AreaShape_Eccentricity	1.77620907716082	0.0867307520736216	0.203458606368195
Mean_plasm_AreaShape_Zernike_4_4	-1.77701635053172	0.0875892394215957	0.204025072107886
Mean_plasm_AreaShape_Zernike_7_5	-1.7657545661332	0.0876261527642844	0.204025072107886
cancer_firstorder_MeanAbsoluteDeviation	-1.75932905472677	0.0879600106028129	0.204041065487566
bladder_gldm_LargeDependenceEmphasis	1.7632040515012	0.0894099838671408	0.205081840474521
cancer_firstorder_Entropy	-1.7513692133064	0.0907010013387655	0.205081840474521
Mean_nuclei_AreaShape_Zernike_6_2	1.75972147621386	0.089509637518496	0.205081840474521
Median_nuclei_Intensity_MedianIntensity_Hematoxylin	1.74414979893169	0.0909726969282717	0.205081840474521
StDev_nuclei_AreaShape_Zernike_3_3	-1.75417307979975	0.0907557680021675	0.205081840474521
StDev_nuclei_AreaShape_Zernike_8_4	1.75337510622643	0.0903554070506689	0.205081840474521
StDev_nuclei_AreaShape_Zernike_9_3	1.75186615545311	0.0901634124424269	0.205081840474521
StDev_nuclei_Location_CenterMassIntensity_X_Hematoxylin	-1.75879588121239	0.0912222252284397	0.205081840474521
StDev_plasm_AreaShape_Zernike_3_3	-1.75049700940758	0.0916952459813965	0.205081840474521
StDev_plasm_AreaShape_Zernike_9_1	1.7486899734553	0.0914232834616608	0.205081840474521
StDev_nuclei_RadialDistribution_ZernikePhase_Hematoxylin_6_2	-1.73894769451898	0.0921971208992068	0.205467869432518
cancer_glszm_GrayLevelVariance	-1.69228311127138	0.0934135769127828	0.207437978624827
Mean_plasm_Texture_Contrast_Hematoxylin_3_00_256	1.71960095049467	0.0938255813632436	0.207614052378241
StDev_nuclei_AreaShape_BoundingBoxMaximum_X	-1.74030139800553	0.0944947799644053	0.208355981264272
Mean_nuclei_AreaShape_BoundingBoxMaximum_X	-1.7390528914697	0.0948461817960868	0.208394427608303
cancer_firstorder_Uniformity	1.73052111822506	0.0954918066630497	0.208809663758114
Median_plasm_AreaShape_Zernike_3_3	-1.72441184865822	0.0957044292224687	0.208809663758114
cancer_glcm_DifferenceVariance	-1.66894694937595	0.0977290734085373	0.212484117794172
bladder_shape_Maximum3DDiameter	-1.64160623731571	0.103197756041818	0.222228685858335
Mean_nuclei_AreaShape_Zernike_7_1	-1.68167048421875	0.103939854601721	0.222228685858335
Median_nuclei_AreaShape_Zernike_7_5	-1.67969948507366	0.103991628638836	0.222228685858335
Median_nuclei_AreaShape_Zernike_9_7	-1.68427570659641	0.103684824886106	0.222228685858335
Median_nuclei_RadialDistribution_ZernikePhase_Hematoxylin_8_8	1.67986752954155	0.103641319055537	0.222228685858335
bladder_gldm_DependenceNonUniformity	1.67000961167909	0.105740288383553	0.224428367181419
StDev_nuclei_Intensity_MinIntensityEdge_Hematoxylin	1.66515773390922	0.105650141597692	0.224428367181419
bladder_glrlm_LongRunEmphasis	1.6553600376084	0.111125567542101	0.233557810971228
Mean_nuclei_AreaShape_Zernike_7_5	-1.6396101287142	0.111820073612277	0.233557810971228
Mean_plasm_Location_CenterMassIntensity_X_Hematoxylin	-1.65368695406463	0.111190720453026	0.233557810971228
StDev_plasm_AreaShape_Zernike_9_5	-1.64657834571219	0.110735418518453	0.233557810971228
Texture_Entropy_Hematoxylin_3_00_256	-1.6407242496858	0.111913117757047	0.233557810971228
Mean_plasm_AreaShape_Zernike_5_5	-1.62779564926752	0.114489238884817	0.237884322864121
StDev_plasm_AreaShape_Zernike_8_8	-1.62470295797845	0.114748687791828	0.237884322864121
Median_nuclei_RadialDistribution_ZernikePhase_Hematoxylin_8_2	-1.62577296027383	0.116333189950273	0.240370564665466
cancer_glcm_JointEntropy	-1.61640561353497	0.117098899612447	0.241154169498901
Mean_nuclei_Location_CenterMassIntensity_X_Hematoxylin	-1.61374123677657	0.119651144182616	0.245599717006422
Mean_nuclei_RadialDistribution_ZernikePhase_Hematoxylin_8_2	-1.60613126046398	0.120635566164677	0.246808502579537
cancer_firstorder_Kurtosis	-1.55856101592845	0.121721536793636	0.248216467187023
Median_nuclei_AreaShape_Zernike_9_3	1.58276958388414	0.123818079180266	0.251669320548815
cancer_glcm_JointEnergy	1.58094244144401	0.127066548843873	0.257433527527847
StDev_nuclei_RadialDistribution_ZernikePhase_Hematoxylin_9_9	-1.5620003736816	0.128450944306624	0.259396081706581
StDev_nuclei_RadialDistribution_ZernikeMagnitude_Hematoxylin_6_2	1.56543717567962	0.129144014630614	0.259954403643557
cancer_firstorder_InterquartileRange	-1.55036581487654	0.130993695777815	0.261586296499325
Mean_plasm_AreaShape_Zernike_2_2	-1.56156225114895	0.130609532652416	0.261586296499325
Mean_plasm_AreaShape_Zernike_6_2	1.55572426456948	0.131212357058155	0.261586296499325
Mean_nuclei_Texture_Contrast_Hematoxylin_3_00_256	1.54044684286374	0.132319394650818	0.262953191917548
Median_nuclei_AreaShape_Compactness	1.54235041238821	0.13293432081882	0.26333655933633
bladder_glszm_HighGrayLevelZoneEmphasis	-1.51408556971837	0.134064533081508	0.264735027350826
bladder_glrlm_ShortRunHighGrayLevelEmphasis	-1.50900183884182	0.135055796720064	0.265015148280879
StDev_nuclei_Intensity_MeanIntensityEdge_Hematoxylin	-1.54256413259721	0.135010440044545	0.265015148280879
Mean_plasm_AreaShape_Zernike_7_3	-1.53707395810925	0.136516513750422	0.26704170714816
bladder_glrlm_RunVariance	1.53706804359231	0.137854944492333	0.267567980621967
cancer_firstorder_RobustMeanAbsoluteDeviation	-1.52358951324935	0.137647936398966	0.267567980621967
Median_plasm_Texture_InfoMeas1_Hematoxylin_3_00_256	1.53304744579326	0.138071938718387	0.267567980621967
cancer_glcm_MaximumProbability	1.5297551043832	0.138637603648113	0.267832398379018
Mean_plasm_AreaShape_Zernike_8_0	1.51317657819847	0.142267334190286	0.27399634732944
Median_plasm_AreaShape_Zernike_4_0	1.50770276837075	0.143343416095623	0.275219358903597
StDev_nuclei_AreaShape_Zernike_4_4	-1.50306867211963	0.144492613836496	0.276574819122618
bladder_firstorder_10Percentile	-1.4816821840732	0.147737478701632	0.281025369480112
Mean_nuclei_RadialDistribution_RadialCV_Hematoxylin_1of4	-1.46818186252697	0.14776425386198	0.281025369480112
Mean_plasm_Texture_Entropy_Hematoxylin_3_00_256	1.48820240203083	0.148168824613713	0.281025369480112
StDev_plasm_AreaShape_Zernike_3_1	-1.48090051467808	0.150109114949404	0.283842690086147
Mean_nuclei_AreaShape_Zernike_7_7	-1.46748975925524	0.153030869985155	0.28849324130132
Mean_nuclei_RadialDistribution_ZernikePhase_Hematoxylin_8_6	1.46887101604544	0.154052175061963	0.289543847104412
Mean_nuclei_RadialDistribution_ZernikePhase_Hematoxylin_7_1	1.45080358965108	0.157950600581007	0.295979503791437
Mean_nuclei_AreaShape_Zernike_4_2	-1.44696610782532	0.160211818185082	0.299317887866739
StDev_nuclei_RadialDistribution_ZernikeMagnitude_Hematoxylin_2_0	1.44181857395065	0.161543766956383	0.300905404718756
cancer_glcm_ClusterShade	-1.40139616113949	0.164067505057433	0.30469679510666
Median_plasm_AreaShape_Zernike_8_8	-1.42616883454657	0.165190930461372	0.305872820794944
cancer_glszm_LargeAreaLowGrayLevelEmphasis	-1.41005186291736	0.16629765770711	0.307011060382356
bladder_glrlm_RunLengthNonUniformity	1.41153122142525	0.168314810509452	0.308245391382664
cancer_glcm_ClusterProminence	-1.38694824801046	0.168448202662642	0.308245391382664
Texture_Contrast_Hematoxylin_3_00_256	-1.4092909051274	0.168137976807102	0.308245391382664
cancer_glcm_DifferenceEntropy	-1.40249370137678	0.170960467654732	0.310714272879142
StDev_nuclei_AreaShape_Zernike_1_1	1.41281322085439	0.170653787564678	0.310714272879142
StDev_plasm_AreaShape_Area	1.4141261741296	0.171291201715425	0.310714272879142
Median_nuclei_AreaShape_Eccentricity	1.40210854454113	0.171989396560489	0.311076473778971
Mean_plasm_AreaShape_BoundingBoxMaximum_X	-1.40196875227731	0.173822363985414	0.31257969777204
StDev_plasm_AreaShape_Eccentricity	-1.39544094042556	0.173679758849922	0.31257969777204
Mean_nuclei_AreaShape_Zernike_6_6	1.39822757178747	0.174586082760163	0.313050907018223
cancer_glcm_Imc2	-1.37935582530351	0.175523398567377	0.31382980144998
Mean_plasm_AreaShape_Zernike_9_1	1.39160925964874	0.177082449812077	0.314813244110359
Median_plasm_AreaShape_Zernike_8_0	1.38638327430008	0.176702725252687	0.314813244110359
bladder_glcm_ClusterShade	-1.35279167998592	0.17908401579366	0.317467118906943
cancer_glcm_DifferenceAverage	-1.36142286829521	0.182607786761877	0.322796767533743
Mean_nuclei_RadialDistribution_ZernikeMagnitude_Hematoxylin_4_0	1.35873953063134	0.185249474217085	0.326541446077574
StDev_nuclei_RadialDistribution_ZernikePhase_Hematoxylin_3_1	-1.35612199601114	0.18712448184018	0.328917399065556
StDev_nuclei_RadialDistribution_ZernikePhase_Hematoxylin_1_1	1.35201997881544	0.18793528142873	0.329414650594178
StDev_plasm_AreaShape_Zernike_2_2	-1.34766878454908	0.189758374334536	0.331678503038516
bladder_shape_MeshVolume	1.31361168523437	0.19805336885798	0.343550026831368
bladder_shape_VoxelVolume	1.31316212846199	0.198201938556558	0.343550026831368
bladder_glszm_LargeAreaHighGrayLevelEmphasis	1.32484628944024	0.197514629128415	0.343550026831368
StDev_plasm_AreaShape_Zernike_7_7	-1.31965722516447	0.198861055308398	0.34373766900953
Median_nuclei_AreaShape_Zernike_2_2	-1.3060274656807	0.202210329557526	0.348561452054962
bladder_glrlm_HighGrayLevelRunEmphasis	-1.27744324004963	0.205594915417106	0.353419358733538
Median_nuclei_AreaShape_Zernike_6_2	1.29354953137815	0.206725913597503	0.354387280452863
bladder_gldm_HighGrayLevelEmphasis	-1.26686300973577	0.209332531209681	0.357872601300935
bladder_glcm_Autocorrelation	-1.26209453386005	0.211041265300297	0.359808058872638
cancer_glcm_Id	1.27161941035287	0.213720858086215	0.363117330515793
Median_plasm_AreaShape_Zernike_4_2	1.2717456812922	0.214146117996493	0.363117330515793
Mean_nuclei_AreaShape_Eccentricity	1.26516204923487	0.215788148109626	0.364910039079693
Mean_plasm_AreaShape_Area	1.26893892521153	0.217685554685249	0.365042560490458
Mean_plasm_AreaShape_Zernike_9_7	-1.26093583653359	0.218206530549585	0.365042560490458
StDev_nuclei_RadialDistribution_ZernikeMagnitude_Hematoxylin_5_3	1.26391654348222	0.216973203555996	0.365042560490458
StDev_nuclei_RadialDistribution_ZernikePhase_Hematoxylin_5_5	-1.25619581593943	0.217803179724723	0.365042560490458
Mean_plasm_AreaShape_Zernike_3_1	-1.257350991381	0.219233605312575	0.365780132927933
bladder_glrlm_LongRunLowGrayLevelEmphasis	1.2542821238327	0.221807940346988	0.368106794618406
cancer_glcm_Idm	1.24910682108861	0.221498422790334	0.368106794618406
Median_nuclei_RadialDistribution_ZernikeMagnitude_Hematoxylin_1_1	1.24543940877316	0.224064646251935	0.369884495400019
Median_nuclei_RadialDistribution_ZernikePhase_Hematoxylin_5_1	-1.24760660453677	0.223692285963911	0.369884495400019
Mean_nuclei_AreaShape_Zernike_3_1	-1.23862311664346	0.226576828804818	0.372063003090017
Median_nuclei_AreaShape_Zernike_8_6	1.23387485375543	0.226125037010273	0.372063003090017
bladder_shape_SurfaceArea	1.22495463924042	0.228446681116582	0.374148895057079
Mean_plasm_AreaShape_Zernike_8_8	-1.22751972344672	0.23027263971357	0.374676511468122
StDev_nuclei_Intensity_MaxIntensityEdge_Hematoxylin	-1.22452093627837	0.23057016090346	0.374676511468122
StDev_plasm_AreaShape_Zernike_9_7	-1.22153600551035	0.230100069428884	0.374676511468122
Median_nuclei_RadialDistribution_ZernikePhase_Hematoxylin_8_4	-1.22516401739021	0.23143974090975	0.374694335639029
StDev_plasm_AreaShape_Zernike_6_2	1.22342864844036	0.231782073007476	0.374694335639029
Median_plasm_AreaShape_Zernike_6_0	1.19643058450348	0.241822450997536	0.387910564068028
StDev_nuclei_RadialDistribution_ZernikePhase_Hematoxylin_8_0	-1.18867558121929	0.241679372225445	0.387910564068028
StDev_plasm_Texture_Entropy_Hematoxylin_3_00_256	1.19736011025168	0.241206309153915	0.387910564068028
Mean_plasm_AreaShape_Zernike_7_1	1.18941910107179	0.245127691143265	0.392204305829225
Median_nuclei_RadialDistribution_ZernikePhase_Hematoxylin_7_7	-1.17945164656867	0.249096071118375	0.397534394828302
StDev_plasm_Intensity_MaxIntensityEdge_Hematoxylin	-1.16858076772463	0.251859756004184	0.400919611598497
Mean_nuclei_Texture_InfoMeas2_Hematoxylin_3_00_256	-1.16696214093202	0.254387130758839	0.403401652348886
StDev_nuclei_AreaShape_Orientation	-1.15895206750808	0.254711940745931	0.403401652348886
bladder_firstorder_Energy	-1.13183148631236	0.262140055780541	0.414114923562171
StDev_plasm_Intensity_MinIntensityEdge_Hematoxylin	1.12819863697213	0.267475715590881	0.421476885173509
Median_nuclei_RadialDistribution_ZernikeMagnitude_Hematoxylin_3_3	1.12901998478117	0.268250817583125	0.421633526881285
Median_nuclei_AreaShape_BoundingBoxMaximum_X	-1.11889503003357	0.274479939705844	0.430340407981022
Median_nuclei_Texture_Contrast_Hematoxylin_3_00_256	1.10845881625475	0.275304324932153	0.430551124705923
StDev_nuclei_RadialDistribution_ZernikePhase_Hematoxylin_9_3	-1.10838434815621	0.278099081992599	0.433834567908455
Median_plasm_Texture_Contrast_Hematoxylin_3_00_256	1.08631238199951	0.284556398958784	0.441699484950948
StDev_plasm_AreaShape_Zernike_4_2	1.09345883270352	0.284090864806662	0.441699484950948
Median_plasm_AreaShape_Zernike_5_5	-1.07409489862162	0.292246965806745	0.450276806576318
Median_plasm_AreaShape_Zernike_8_6	1.07091095407228	0.291650599821286	0.450276806576318
StDev_nuclei_RadialDistribution_FracAtD_Hematoxylin_1of4	-1.0748917398756	0.290834721954861	0.450276806576318
Mean_plasm_AreaShape_MedianRadius	-1.06367307331555	0.297821934423525	0.45773617507458
Median_plasm_AreaShape_Zernike_6_4	-1.05503110043179	0.299160075429351	0.45866311318898
Median_plasm_Location_CenterMassIntensity_X_Hematoxylin	-1.05995299249403	0.299899890610301	0.458670420933401
bladder_glcm_InverseVariance	-1.04882280651558	0.304501525272918	0.462818404290042
Mean_nuclei_AreaShape_Zernike_8_4	1.04635946428602	0.304837122056422	0.462818404290042
Mean_nuclei_RadialDistribution_ZernikePhase_Hematoxylin_7_5	1.04882699459528	0.304090042439953	0.462818404290042
StDev_nuclei_AreaShape_Eccentricity	-1.0350288733782	0.306792471738577	0.464656559138038
cancer_shape_Sphericity	1.03011832079809	0.311819135019075	0.471126247583299
Mean_plasm_AreaShape_BoundingBoxMaximum_Y	1.03043672690131	0.312619989031156	0.47119534578609
Median_plasm_AreaShape_Zernike_5_3	-1.02730582648989	0.313643710576129	0.471599217830131
bladder_gldm_DependenceVariance	1.02404551938107	0.314846267309575	0.472269400964362
Mean_plasm_AreaShape_EulerNumber	0.999999999999474	0.319654026979592	0.47718687281164
StDev_plasm_AreaShape_EulerNumber	-1	0.319654026979339	0.47718687281164
Median_nuclei_RadialDistribution_ZernikePhase_Hematoxylin_4_0	-1	0.328183261880671	0.487586560508425
Median_nuclei_RadialDistribution_ZernikePhase_Hematoxylin_6_0	0.995068752157547	0.327664142364524	0.487586560508425
Median_plasm_AreaShape_Zernike_7_3	-0.990222566774168	0.33189519751942	0.491930173995531
Median_plasm_AreaShape_BoundingBoxMaximum_X	-0.98425900818433	0.335020541064185	0.495385823753677
Mean_nuclei_AreaShape_Zernike_8_0	0.976814519938634	0.336926101349014	0.497025738160248
Median_nuclei_Location_CenterMassIntensity_X_Hematoxylin	-0.97384638103909	0.340047323901026	0.49828622900507
StDev_nuclei_RadialDistribution_ZernikePhase_Hematoxylin_3_3	-0.975403560560551	0.339199593869542	0.49828622900507
StDev_nuclei_RadialDistribution_ZernikePhase_Hematoxylin_8_4	0.970837262671824	0.340176175570769	0.49828622900507
bladder_shape_SurfaceVolumeRatio	-0.95966888298091	0.345247093482268	0.504529710381582
Median_nuclei_RadialDistribution_RadialCV_Hematoxylin_1of4	0.949628627963553	0.347131902564951	0.506098848599368
Median_plasm_AreaShape_BoundingBoxMaximum_Y	0.955246448253321	0.348498780717775	0.506907317407673
bladder_gldm_LargeDependenceLowGrayLevelEmphasis	0.950310151732716	0.350871111583563	0.507539111850245
cancer_firstorder_Skewness	-0.94009462177851	0.349820434448736	0.507539111850245
Median_nuclei_RadialDistribution_ZernikePhase_Hematoxylin_9_5	-0.947431306609835	0.352105386544863	0.507539111850245
Median_nuclei_RadialDistribution_ZernikePhase_Hematoxylin_9_7	-0.94718559251505	0.352186595242238	0.507539111850245
Mean_plasm_AreaShape_Zernike_9_3	0.939991285605741	0.35556386250956	0.511225461304068
cancer_glcm_Imc1	0.916565881018565	0.364216748250745	0.522184985120265
Median_plasm_AreaShape_Zernike_9_1	0.924029958742771	0.364860021654544	0.522184985120265
StDev_nuclei_RadialDistribution_ZernikePhase_Hematoxylin_8_6	-0.912766486381568	0.369195601490415	0.526123070332827
Texture_DifferenceEntropy_Hematoxylin_3_00_256	-0.911210694707379	0.369297924368234	0.526123070332827
StDev_nuclei_AreaShape_Zernike_5_1	0.910427930883815	0.370673716730529	0.526880180500797
bladder_glszm_SizeZoneNonUniformity	0.902609150256492	0.372159569693307	0.527789935201417
Median_nuclei_AreaShape_Zernike_7_7	-0.898367106726812	0.377341146704991	0.533924887854681
StDev_nuclei_AreaShape_Zernike_7_7	-0.892120407573153	0.379867964400853	0.536284185036498
cancer_glcm_InverseVariance	-0.892489673317632	0.380958376163202	0.536609541141847
bladder_glcm_JointAverage	-0.874011120658254	0.386385663188061	0.540593394236212
Mean_nuclei_RadialDistribution_ZernikePhase_Hematoxylin_9_7	-0.884987559376883	0.38480883865969	0.540593394236212
StDev_nuclei_AreaShape_Zernike_8_8	0.880740322376907	0.385957816135087	0.540593394236212
bladder_shape_MajorAxisLength	-0.865083284127801	0.388695278185818	0.541968664812085
StDev_plasm_AreaShape_Orientation	-0.871890419671144	0.389105708070215	0.541968664812085
Mean_nuclei_RadialDistribution_ZernikePhase_Hematoxylin_5_1	-0.872544146113728	0.391180530603524	0.542622561506607
StDev_plasm_AreaShape_Zernike_1_1	-0.872196898804431	0.391314347240342	0.542622561506607
Mean_nuclei_RadialDistribution_ZernikePhase_Hematoxylin_6_4	0.865013408798512	0.39492115956329	0.542799126800645
Median_nuclei_RadialDistribution_ZernikePhase_Hematoxylin_8_6	0.863810874283044	0.39461987011516	0.542799126800645
Median_nuclei_RadialDistribution_ZernikePhase_Hematoxylin_9_1	-0.865450145155544	0.394659193323317	0.542799126800645
Texture_SumAverage_Hematoxylin_3_00_256	-0.868296796332442	0.393103736111578	0.542799126800645
StDev_nuclei_RadialDistribution_ZernikePhase_Hematoxylin_7_1	-0.858568515492684	0.398856638496384	0.547003389937898
Mean_plasm_Location_CenterMassIntensity_Y_Hematoxylin	0.853796628053234	0.401305670441992	0.549155127973253
Median_nuclei_RadialDistribution_ZernikePhase_Hematoxylin_6_6	-0.829508691319366	0.412381330793338	0.56307647793226
Mean_nuclei_Location_CenterMassIntensity_Y_Hematoxylin	0.82631427741116	0.416442411837758	0.567380054556247
Mean_nuclei_RadialDistribution_ZernikeMagnitude_Hematoxylin_2_0	0.820398521176694	0.419156014987434	0.569833013839126
StDev_nuclei_AreaShape_Zernike_6_0	-0.819561030600503	0.420108174010666	0.56988587083186
Mean_plasm_AreaShape_Zernike_4_2	0.815256229550441	0.422164883649026	0.571433595221242
bladder_shape_LeastAxisLength	0.805076931897452	0.427092283599264	0.574365484840389
cancer_gldm_DependenceNonUniformityNormalized	0.80338965346827	0.426725360758004	0.574365484840389
Median_nuclei_Intensity_IntegratedIntensityEdge_Hematoxylin	0.806748725094546	0.426233440601723	0.574365484840389
Mean_nuclei_RadialDistribution_ZernikePhase_Hematoxylin_9_9	0.780934798798795	0.441775013086735	0.59283356594865
Texture_Correlation_Hematoxylin_3_00_256	-0.777258307161045	0.443221442537722	0.59349824065137
Mean_nuclei_Intensity_IntegratedIntensityEdge_Hematoxylin	0.775728140830734	0.444262401627864	0.593618283973849
Mean_nuclei_RadialDistribution_ZernikePhase_Hematoxylin_8_4	-0.772065692952037	0.447269157563807	0.596358876751743
Median_plasm_Location_CenterMassIntensity_Y_Hematoxylin	0.769050731506872	0.449052503625831	0.597460047468056
Mean_plasm_AreaShape_Zernike_4_0	0.751582072622621	0.459122290039185	0.60826392565701
Median_nuclei_Location_CenterMassIntensity_Y_Hematoxylin	0.75200864197371	0.459082453279247	0.60826392565701
Median_nuclei_Texture_AngularSecondMoment_Hematoxylin_3_00_256	0.746633923846542	0.460317010670097	0.608554692072332
bladder_shape_Sphericity	0.742717995588898	0.463896908534378	0.610699727690827
Median_plasm_AreaShape_Zernike_7_5	-0.743082488625656	0.463693456178017	0.610699727690827
StDev_plasm_Texture_Correlation_Hematoxylin_3_00_256	0.735222569445054	0.467566130451483	0.614234242951001
cancer_glrlm_RunVariance	0.721735199630365	0.477921571992741	0.625563107835207
Mean_nuclei_AreaShape_BoundingBoxMaximum_Y	0.716646867878546	0.480241691761135	0.625563107835207
Mean_nuclei_RadialDistribution_ZernikePhase_Hematoxylin_9_3	0.712451991128659	0.482255554025925	0.625563107835207
Mean_plasm_AreaShape_Zernike_6_0	0.7091770840048	0.484209905583982	0.625563107835207
Mean_plasm_AreaShape_Zernike_8_4	-0.712395164636902	0.481411544397904	0.625563107835207
Median_nuclei_RadialDistribution_ZernikePhase_Hematoxylin_3_3	0.71495544645516	0.481003994077008	0.625563107835207
StDev_nuclei_AreaShape_Zernike_8_0	0.711098599554018	0.483708735166469	0.625563107835207
Texture_AngularSecondMoment_Hematoxylin_3_00_256	-0.703133666502595	0.4833174062209	0.625563107835207
StDev_nuclei_AreaShape_Zernike_9_5	-0.701864952754506	0.487107107232969	0.628005857259034
cancer_glrlm_LongRunEmphasis	0.699979529592505	0.491068678937611	0.631807949808391
StDev_nuclei_AreaShape_Zernike_6_6	0.690055978003434	0.496712072855336	0.637753772554999
Mean_nuclei_RadialDistribution_ZernikePhase_Hematoxylin_9_5	-0.683172399685042	0.500424268195908	0.641200705039521
Median_nuclei_RadialDistribution_ZernikePhase_Hematoxylin_6_4	0.673817729772139	0.50604132720522	0.647069238065691
Mean_nuclei_AreaShape_Zernike_8_2	0.668712077681758	0.509148273273772	0.648384739842518
Median_nuclei_RadialDistribution_ZernikePhase_Hematoxylin_7_5	0.66948970888386	0.508835507108104	0.648384739842518
Median_nuclei_AreaShape_BoundingBoxMaximum_Y	0.650555081134063	0.52127434271839	0.662474928424186
Mean_plasm_AreaShape_Zernike_6_4	-0.642536571626778	0.524422392553125	0.664304110262088
StDev_nuclei_AreaShape_Zernike_5_5	-0.6439796403935	0.524842830703862	0.664304110262088
Mean_nuclei_AreaShape_Zernike_1_1	-0.628458481055748	0.534808559225886	0.668173748658301
Mean_nuclei_RadialDistribution_ZernikePhase_Hematoxylin_2_0	0.635026561750265	0.531756705539572	0.668173748658301
Median_nuclei_AreaShape_Zernike_1_1	-0.629363222655639	0.534707084209283	0.668173748658301
Median_nuclei_RadialDistribution_ZernikePhase_Hematoxylin_2_2	0.629024754269324	0.533194435982231	0.668173748658301
Median_nuclei_RadialDistribution_ZernikePhase_Hematoxylin_5_3	-0.626683103999535	0.535395631937742	0.668173748658301
Median_nuclei_Texture_InfoMeas1_Hematoxylin_3_00_256	-0.629777157356182	0.534380979719177	0.668173748658301
StDev_nuclei_AreaShape_Zernike_6_2	-0.636544022269967	0.529714100325176	0.668173748658301
Mean_nuclei_RadialDistribution_ZernikeMagnitude_Hematoxylin_3_1	0.617571412668435	0.541943626965049	0.674995655142097
Mean_nuclei_RadialDistribution_ZernikePhase_Hematoxylin_6_0	0.607788347831933	0.54795995365085	0.67830106623348
Median_nuclei_AreaShape_Zernike_4_2	-0.606222381938656	0.549776014227482	0.67830106623348
Median_plasm_AreaShape_Area	0.608803777557701	0.548596061135633	0.67830106623348
StDev_nuclei_AreaShape_Zernike_9_9	0.603926433774415	0.551096813978201	0.67830106623348
StDev_nuclei_RadialDistribution_ZernikePhase_Hematoxylin_7_3	-0.611623236699281	0.54631988673684	0.67830106623348
StDev_plasm_AreaShape_Zernike_5_5	-0.603147116355232	0.551119616314702	0.67830106623348
StDev_nuclei_AreaShape_Zernike_4_2	0.598941363061089	0.554565532063582	0.681198606314321
Median_plasm_AreaShape_Zernike_6_2	0.593117387781278	0.558122669364554	0.683816450334639
StDev_plasm_AreaShape_Zernike_4_0	-0.591923704999338	0.558888444985041	0.683816450334639
Mean_nuclei_RadialDistribution_ZernikePhase_Hematoxylin_3_1	-0.58648439262427	0.562756818292065	0.687202063824361
bladder_shape_Flatness	0.576719086577948	0.568002487530723	0.691738699999403
Mean_nuclei_RadialDistribution_ZernikePhase_Hematoxylin_5_3	-0.576191949165705	0.568689027403355	0.691738699999403
Median_nuclei_AreaShape_Zernike_3_1	-0.57537653967529	0.569874770284978	0.691832405949078
bladder_gldm_DependenceNonUniformityNormalized	-0.566610636698368	0.574037606861708	0.695532945013021
Mean_plasm_AreaShape_Zernike_8_6	0.562838834693816	0.577342241592278	0.698181315413918
Mean_plasm_AreaShape_Zernike_9_5	0.551115152972615	0.586037850365601	0.707326148216896
Median_nuclei_AreaShape_Zernike_5_1	-0.545985928411189	0.589143863534815	0.709702260319931
StDev_plasm_AreaShape_Zernike_6_4	-0.539415045193019	0.593482904219623	0.713551699870992
Mean_nuclei_RadialDistribution_ZernikePhase_Hematoxylin_4_4	-0.533846528773138	0.597596648581344	0.717115978297613
Mean_nuclei_AreaShape_Zernike_4_4	-0.516798110151196	0.609475496736534	0.729966813749707
bladder_glrlm_LongRunHighGrayLevelEmphasis	-0.512187082474377	0.610683225982833	0.730012132209364
bladder_firstorder_Minimum	0.51050258040832	0.61208663683506	0.730290748346229
bladder_glcm_Idmn	0.508301449247978	0.614235655413756	0.731456200340045
Median_nuclei_AreaShape_Zernike_4_4	-0.502587264047426	0.619389202623103	0.73618830940346
StDev_nuclei_RadialDistribution_ZernikePhase_Hematoxylin_6_4	0.480644507230846	0.634622145336508	0.752859731349774
bladder_glrlm_LowGrayLevelRunEmphasis	0.478586166376226	0.636400599232009	0.753536952411336
bladder_glszm_LowGrayLevelZoneEmphasis	0.476828727226255	0.637752769250595	0.753707818205249
Median_nuclei_RadialDistribution_ZernikePhase_Hematoxylin_9_3	0.472853121078144	0.639923054280382	0.754843073480072
bladder_glcm_Idn	0.463991216898851	0.645114162432665	0.756675258191698
bladder_gldm_LargeDependenceHighGrayLevelEmphasis	-0.466688926394974	0.642857867559282	0.756675258191698
Mean_nuclei_RadialDistribution_ZernikePhase_Hematoxylin_6_6	-0.465090927438608	0.644750765066471	0.756675258191698
cancer_shape_Flatness	-0.458923728726996	0.649504733573576	0.760036794375707
Median_nuclei_RadialDistribution_ZernikeMagnitude_Hematoxylin_4_0	0.458126114182149	0.650416102879211	0.760036794375707
StDev_nuclei_RadialDistribution_ZernikePhase_Hematoxylin_2_2	-0.456357674542876	0.651697499763782	0.760110728696448
Median_plasm_AreaShape_Zernike_3_1	-0.453777622020316	0.653692646113595	0.761015319356126
Mean_nuclei_RadialDistribution_ZernikePhase_Hematoxylin_2_2	0.448465802358923	0.656762884183844	0.76174728574483
Median_nuclei_RadialDistribution_ZernikePhase_Hematoxylin_8_0	-0.450143311212449	0.655604057821382	0.76174728574483
StDev_nuclei_AreaShape_Zernike_7_1	0.444266646161871	0.660377441800379	0.763102821635993
StDev_nuclei_AreaShape_Zernike_7_3	0.445265621487712	0.659916399110711	0.763102821635993
bladder_gldm_LowGrayLevelEmphasis	0.428509875491809	0.671925480949916	0.772182596657427
Mean_nuclei_AreaShape_Zernike_8_6	0.425559461465339	0.673184827855192	0.772182596657427
Mean_nuclei_RadialDistribution_ZernikePhase_Hematoxylin_9_1	-0.427342232753229	0.672659639413539	0.772182596657427
StDev_plasm_AreaShape_Zernike_7_5	-0.426873139850315	0.672457572823758	0.772182596657427
Median_plasm_AreaShape_Zernike_7_1	0.414973060294575	0.681712849688746	0.780529941661977
bladder_shape_Maximum2DDiameterRow	-0.396408573470692	0.692554695276182	0.787888497723751
Median_nuclei_AreaShape_Zernike_8_2	0.400561483743537	0.691724139439583	0.787888497723751
StDev_nuclei_AreaShape_Zernike_9_7	-0.398190502535223	0.693190360978108	0.787888497723751
StDev_plasm_AreaShape_Zernike_7_1	0.402598564779675	0.690475492913392	0.787888497723751
Median_nuclei_AreaShape_Zernike_8_0	-0.385432002469753	0.70244869321318	0.796959971936408
Mean_nuclei_AreaShape_Zernike_9_9	-0.381344601950531	0.705986246341058	0.798833415933189
Texture_InverseDifferenceMoment_Hematoxylin_3_00_256	-0.379300979515013	0.706660329479359	0.798833415933189
Mean_plasm_AreaShape_Zernike_8_2	0.377332794464834	0.708765951201426	0.799764834628733
Median_plasm_AreaShape_Zernike_8_2	-0.37497749855616	0.710380155227546	0.800139380617309
StDev_nuclei_Intensity_IntegratedIntensityEdge_Hematoxylin	0.370846491638527	0.713436785222419	0.802134331493314
Median_nuclei_RadialDistribution_ZernikeMagnitude_Hematoxylin_2_0	0.366911668878132	0.716604863500159	0.80424718493543
Mean_nuclei_AreaShape_Zernike_2_2	-0.36441681583293	0.71817263984013	0.804559653968116
Mean_nuclei_RadialDistribution_ZernikePhase_Hematoxylin_5_5	0.354591519692575	0.725842811511651	0.811695187066792
StDev_nuclei_AreaShape_Zernike_7_5	-0.344014769180393	0.733629705338792	0.818935485029349
Median_nuclei_AreaShape_Zernike_7_3	-0.332688461668631	0.742118371808741	0.826931900015454
bladder_glrlm_ShortRunLowGrayLevelEmphasis	0.32954031316374	0.744477337429848	0.827303529026544
Mean_nuclei_Texture_InfoMeas1_Hematoxylin_3_00_256	-0.328593417935809	0.745103498898907	0.827303529026544
StDev_plasm_AreaShape_Zernike_8_4	0.324936299690658	0.747969831175178	0.829010967412631
bladder_gldm_SmallDependenceLowGrayLevelEmphasis	-0.314472316855843	0.755594048452075	0.835976394032083
StDev_plasm_AreaShape_Zernike_6_0	-0.3101378980165	0.758726355559326	0.837956187378796
Median_plasm_AreaShape_Orientation	-0.307918872525169	0.760306310588667	0.838217557963477
StDev_nuclei_AreaShape_Zernike_3_1	-0.30232115523172	0.764847974149562	0.840255520896701
StDev_plasm_AreaShape_Zernike_7_3	-0.302801307033779	0.764013718429753	0.840255520896701
StDev_nuclei_RadialDistribution_ZernikePhase_Hematoxylin_5_1	-0.300056703790688	0.766800375804445	0.840919920038618
bladder_glszm_SmallAreaLowGrayLevelEmphasis	0.295905708951808	0.769807932213583	0.841261207883145
Mean_nuclei_AreaShape_Zernike_9_5	0.296135536186399	0.769196415490699	0.841261207883145
StDev_plasm_AreaShape_Zernike_8_0	0.289879241534469	0.774288331888072	0.844678180241533
cancer_gldm_SmallDependenceEmphasis	-0.275585344312566	0.783985358693652	0.850926952252311
Median_plasm_AreaShape_Zernike_5_1	0.277351625870268	0.783829374025878	0.850926952252311
StDev_nuclei_RadialDistribution_ZernikePhase_Hematoxylin_8_8	-0.277002679216357	0.784107367860703	0.850926952252311
Mean_nuclei_AreaShape_Zernike_8_8	0.269981842267479	0.789254077904424	0.854847473155966
Median_nuclei_AreaShape_Orientation	-0.266405039368764	0.791829870968187	0.854847473155966
Median_nuclei_AreaShape_Zernike_9_5	-0.267552506321395	0.791003132175885	0.854847473155966
Mean_nuclei_RadialDistribution_ZernikePhase_Hematoxylin_7_7	-0.262297319909892	0.795161309883664	0.855483892012769
Median_nuclei_AreaShape_Zernike_8_8	-0.263906540811454	0.793959501551553	0.855483892012769
cancer_glrlm_RunPercentage	0.255110167362704	0.800411270435027	0.858172908507657
Mean_plasm_AreaShape_Orientation	-0.25617529470456	0.799664647165136	0.858172908507657
Mean_nuclei_AreaShape_Orientation	-0.238966573791916	0.812879806189272	0.87004631056965
Mean_nuclei_AreaShape_Zernike_5_1	0.231436582112588	0.818581218753363	0.871663277307335
Mean_plasm_AreaShape_Zernike_5_1	0.234362856590811	0.816639218678226	0.871663277307335
Median_nuclei_RadialDistribution_ZernikeMagnitude_Hematoxylin_3_1	-0.231758367052022	0.818560002128279	0.871663277307335
Median_plasm_AreaShape_Zernike_9_5	0.224102828025764	0.824401730104958	0.876365723314299
cancer_glrlm_RunLengthNonUniformityNormalized	0.220899662969638	0.82654150320312	0.877146085031883
cancer_gldm_DependenceVariance	-0.199379515424466	0.843447489467073	0.892052938012634
StDev_nuclei_RadialDistribution_ZernikePhase_Hematoxylin_9_1	-0.201027647841992	0.842115450462551	0.892052938012634
StDev_nuclei_RadialDistribution_ZernikePhase_Hematoxylin_6_6	-0.197215173829394	0.845326594039338	0.892527571371484
Mean_nuclei_AreaShape_Zernike_9_1	-0.189755336370509	0.851001477722134	0.895488907417557
StDev_nuclei_AreaShape_Zernike_9_1	-0.19027139375623	0.850539056167579	0.895488907417557
cancer_glszm_ZonePercentage	0.173450841742857	0.862984329387234	0.906569396528004
StDev_nuclei_AreaShape_Zernike_2_2	0.162582178100306	0.87204211680015	0.914545009887889
Median_nuclei_AreaShape_Zernike_9_9	-0.154204018011041	0.878611231013038	0.919888268711637
Mean_nuclei_RadialDistribution_ZernikePhase_Hematoxylin_8_0	0.14896256369496	0.882679589490685	0.922599771929963
Mean_nuclei_RadialDistribution_ZernikePhase_Hematoxylin_7_3	-0.143645529066519	0.886918079224501	0.925479734842957
Median_nuclei_RadialDistribution_ZernikePhase_Hematoxylin_4_4	-0.134391941390017	0.894034218866184	0.93134783401085
StDev_nuclei_RadialDistribution_ZernikePhase_Hematoxylin_6_0	-0.120101296988714	0.904946839729599	0.941144713318783
StDev_nuclei_RadialDistribution_ZernikePhase_Hematoxylin_2_0	0.118230367271499	0.906816237286213	0.94151968729883
Median_nuclei_AreaShape_Zernike_8_4	0.107687151062075	0.915017934445829	0.947596886735647
StDev_nuclei_RadialDistribution_ZernikePhase_Hematoxylin_8_2	-0.106897269557119	0.915706606893582	0.947596886735647
cancer_gldm_LargeDependenceEmphasis	-0.101560308656639	0.919872249212212	0.950331595212617
Median_nuclei_AreaShape_Zernike_9_1	0.0982986987391345	0.922478453636369	0.950804257643822
Median_nuclei_RadialDistribution_ZernikePhase_Hematoxylin_5_5	0.0971371303473312	0.923377211750251	0.950804257643822
StDev_nuclei_AreaShape_Zernike_8_2	-0.0898632559825035	0.929108175037933	0.955129326562883
StDev_nuclei_AreaShape_Zernike_8_6	0.0843366012131339	0.933387481029317	0.957950309477457
Median_plasm_AreaShape_Zernike_9_3	0.0759506942340133	0.940047530713807	0.963201410780649
StDev_nuclei_RadialDistribution_ZernikePhase_Hematoxylin_7_5	-0.0683775760996011	0.946046565751214	0.965582230579186
StDev_plasm_AreaShape_Zernike_8_2	-0.0696538508511973	0.945010453297129	0.965582230579186
Texture_DifferenceVariance_Hematoxylin_3_00_256	-0.0666975012787267	0.947013341529586	0.965582230579186
Mean_nuclei_AreaShape_Zernike_7_3	-0.0634199595394722	0.949897338656572	0.966942804766233
bladder_shape_Maximum2DDiameterColumn	-0.0563764820819102	0.955132242627423	0.970688142344482
bladder_shape_Maximum2DDiameterSlice	-0.0416014498797741	0.96703219942548	0.98118389014878
Median_plasm_AreaShape_Zernike_8_4	0.0343125495347817	0.972858780520967	0.985493310138123
Median_plasm_AreaShape_Zernike_9_7	-0.030682175392725	0.975767810730405	0.986838110041771
cancer_shape_Elongation	0.0232513246266736	0.981593600896167	0.989522466816168
StDev_plasm_AreaShape_Zernike_5_1	0.0236913136355825	0.981298749482423	0.989522466816168
Mean_nuclei_RadialDistribution_ZernikePhase_Hematoxylin_3_3	0.0211859116555594	0.983263507607371	0.989607143140322
cancer_glrlm_ShortRunEmphasis	-0.0116415125881116	0.990786271831772	0.995464266115971
Median_nuclei_RadialDistribution_ZernikePhase_Hematoxylin_7_3	0.00573555373507566	0.995464266115971	0.995464266115971
Median_nuclei_RadialDistribution_ZernikePhase_Hematoxylin_9_9	0.00976091742133732	0.992283563412263	0.995464266115971
StDev_nuclei_Texture_DifferenceEntropy_Hematoxylin_3_00_256	0.00752996433777132	0.994047949852158	0.995464266115971
